experiments_logs/0/run_1/train_linear_seed_123
=============================================
Dataset: ISIR
Method:  TS-TCC
Mode:    train_linear
=============================================
Data loaded ...
Training started ....

Epoch : 1
Train Loss     : nan	 | 	Train Accuracy     : nan
Valid Loss     : 1.1212	 | 	Valid Accuracy     : 0.2663
output:
[2. 2. 0. 1. 1. 0. 0. 1. 1. 1. 1. 1. 1. 1. 1. 1. 1. 0. 1. 1. 1. 1. 2. 1.
 1. 1. 2. 0. 0. 1. 1. 1. 1. 1. 0. 0. 1. 0. 1. 2. 1. 1. 1. 1. 1. 0. 2. 1.
 1. 1. 2. 1. 0. 1. 0. 1. 2. 0. 1. 1. 1. 2. 1. 2. 0. 0. 1. 1. 1. 1. 2. 1.
 1. 1. 1. 2. 2. 1. 0. 2. 1. 1. 1. 1. 2. 1. 1. 1. 1. 0. 2. 2. 1. 1. 0. 1.
 2. 0. 1. 1. 1. 2. 1. 1. 1. 1. 1. 1. 1. 1. 1. 1. 1. 1. 1. 1. 1. 1. 1. 1.
 1. 1. 1. 1. 1. 1. 2. 0. 0. 2. 1. 1. 1. 2. 1. 1. 1. 0. 2. 1. 1. 2. 2. 1.
 1. 2. 1. 1. 1. 1. 2. 0. 1. 1. 1. 1. 1. 1. 2. 1. 1. 1. 0. 1. 2. 2. 1. 1.
 1.]
true:
[1. 2. 0. 2. 1. 2. 2. 0. 0. 0. 2. 2. 2. 2. 1. 2. 2. 0. 2. 0. 0. 2. 0. 2.
 0. 0. 2. 0. 2. 2. 1. 2. 2. 0. 1. 0. 0. 2. 0. 2. 2. 2. 2. 0. 0. 2. 1. 0.
 2. 1. 2. 1. 2. 1. 0. 1. 0. 1. 2. 0. 2. 1. 2. 2. 2. 2. 0. 1. 2. 2. 2. 2.
 2. 2. 2. 2. 2. 2. 0. 2. 2. 0. 2. 2. 2. 2. 0. 2. 2. 0. 2. 2. 1. 1. 0. 2.
 1. 1. 2. 2. 2. 2. 2. 0. 0. 1. 0. 0. 2. 1. 0. 0. 2. 1. 2. 1. 0. 2. 2. 2.
 2. 2. 2. 0. 0. 2. 0. 2. 2. 0. 0. 1. 2. 2. 1. 2. 2. 2. 0. 0. 2. 2. 2. 0.
 2. 0. 2. 1. 2. 2. 2. 0. 0. 2. 2. 0. 0. 2. 0. 2. 1. 2. 0. 2. 1. 0. 2. 2.
 2.]

Epoch : 2
Train Loss     : nan	 | 	Train Accuracy     : nan
Valid Loss     : 1.1212	 | 	Valid Accuracy     : 0.2663

Epoch : 3
Train Loss     : nan	 | 	Train Accuracy     : nan
Valid Loss     : 1.1212	 | 	Valid Accuracy     : 0.2663

Epoch : 4
Train Loss     : nan	 | 	Train Accuracy     : nan
Valid Loss     : 1.1212	 | 	Valid Accuracy     : 0.2663

Epoch : 5
Train Loss     : nan	 | 	Train Accuracy     : nan
Valid Loss     : 1.1212	 | 	Valid Accuracy     : 0.2663

Epoch : 6
Train Loss     : nan	 | 	Train Accuracy     : nan
Valid Loss     : 1.1212	 | 	Valid Accuracy     : 0.2663

Epoch : 7
Train Loss     : nan	 | 	Train Accuracy     : nan
Valid Loss     : 1.1212	 | 	Valid Accuracy     : 0.2663

Epoch : 8
Train Loss     : nan	 | 	Train Accuracy     : nan
Valid Loss     : 1.1212	 | 	Valid Accuracy     : 0.2663

Epoch : 9
Train Loss     : nan	 | 	Train Accuracy     : nan
Valid Loss     : 1.1212	 | 	Valid Accuracy     : 0.2663

Epoch : 10
Train Loss     : nan	 | 	Train Accuracy     : nan
Valid Loss     : 1.1212	 | 	Valid Accuracy     : 0.2663
max_val_acc: tensor(0.2663)

Evaluate on the Test set:
output:
[2. 2. 0. 1. 1. 0. 0. 1. 1. 1. 1. 1. 1. 1. 1. 1. 1. 0. 1. 1. 1. 1. 2. 1.
 1. 1. 2. 0. 0. 1. 1. 1. 1. 1. 0. 0. 1. 0. 1. 2. 1. 1. 1. 1. 1. 0. 2. 1.
 1. 1. 2. 1. 0. 1. 0. 1. 2. 0. 1. 1. 1. 2. 1. 2. 0. 0. 1. 1. 1. 1. 2. 1.
 1. 1. 1. 2. 2. 1. 0. 2. 1. 1. 1. 1. 2. 1. 1. 1. 1. 0. 2. 2. 1. 1. 0. 1.
 2. 0. 1. 1. 1. 2. 1. 1. 1. 1. 1. 1. 1. 1. 1. 1. 1. 1. 1. 1. 1. 1. 1. 1.
 1. 1. 1. 1. 1. 1. 2. 0. 0. 2. 1. 1. 1. 2. 1. 1. 1. 0. 2. 1. 1. 2. 2. 1.
 1. 2. 1. 1. 1. 1. 2. 0. 1. 1. 1. 1. 1. 1. 2. 1. 1. 1. 0. 1. 2. 2. 1. 1.
 1.]
true:
[1. 2. 0. 2. 1. 2. 2. 0. 0. 0. 2. 2. 2. 2. 1. 2. 2. 0. 2. 0. 0. 2. 0. 2.
 0. 0. 2. 0. 2. 2. 1. 2. 2. 0. 1. 0. 0. 2. 0. 2. 2. 2. 2. 0. 0. 2. 1. 0.
 2. 1. 2. 1. 2. 1. 0. 1. 0. 1. 2. 0. 2. 1. 2. 2. 2. 2. 0. 1. 2. 2. 2. 2.
 2. 2. 2. 2. 2. 2. 0. 2. 2. 0. 2. 2. 2. 2. 0. 2. 2. 0. 2. 2. 1. 1. 0. 2.
 1. 1. 2. 2. 2. 2. 2. 0. 0. 1. 0. 0. 2. 1. 0. 0. 2. 1. 2. 1. 0. 2. 2. 2.
 2. 2. 2. 0. 0. 2. 0. 2. 2. 0. 0. 1. 2. 2. 1. 2. 2. 2. 0. 0. 2. 2. 2. 0.
 2. 0. 2. 1. 2. 2. 2. 0. 0. 2. 2. 0. 0. 2. 0. 2. 1. 2. 0. 2. 1. 0. 2. 2.
 2.]
Test loss      :1.1212	 | Test Accuracy      : 0.2663

################## Training is Done! #########################
Training time is : 0:00:02.170701
